Datetime,Water Level (m)
2025-04-21 12:00:00,-0.008111083
2025-04-21 13:00:00,-0.0064217625
2025-04-21 14:00:00,-0.0069180005
2025-04-21 15:00:00,-0.0057900357
2025-04-21 16:00:00,-0.0047973334
2025-04-21 17:00:00,-0.0050637964
2025-04-21 18:00:00,-0.004655063
2025-04-21 19:00:00,-0.004370563
2025-04-21 20:00:00,-0.0042865328
2025-04-21 21:00:00,-0.00413675
2025-04-21 22:00:00,-0.0035730375
2025-04-21 23:00:00,-0.0030527778
2025-04-22 00:00:00,-0.0029504814
2025-04-22 01:00:00,-0.004256014
2025-04-22 02:00:00,-0.0059140855
2025-04-22 03:00:00,-0.0066719214
2025-04-22 04:00:00,-0.0072268737
2025-04-22 05:00:00,-0.0075963032
2025-04-22 06:00:00,-0.007426838
2025-04-22 07:00:00,-0.006854478
2025-04-22 08:00:00,-0.0060876897
2025-04-22 09:00:00,-0.0055246027
2025-04-22 10:00:00,-0.0070845536
2025-04-22 11:00:00,-0.010140306
2025-04-22 12:00:00,-0.011229865
2025-04-22 13:00:00,-0.011803837
2025-04-22 14:00:00,-0.012564528
2025-04-22 15:00:00,-0.012496499
2025-04-22 16:00:00,-0.011472956
2025-04-22 17:00:00,-0.009762556
2025-04-22 18:00:00,-0.008256259
2025-04-22 19:00:00,-0.0068648644
2025-04-22 20:00:00,-0.005867177
2025-04-22 21:00:00,-0.005535261
2025-04-22 22:00:00,-0.0055851997
2025-04-22 23:00:00,-0.0052549965
2025-04-23 00:00:00,-0.004906542
2025-04-23 01:00:00,-0.0071169767
2025-04-23 02:00:00,-0.010966888
2025-04-23 03:00:00,-0.010713792
2025-04-23 04:00:00,-0.009497675
2025-04-23 05:00:00,-0.008934375
2025-04-23 06:00:00,-0.0072851535
2025-04-23 07:00:00,-0.0057272553
2025-04-23 08:00:00,-0.004813706
2025-04-23 09:00:00,-0.0037674685
2025-04-23 10:00:00,-0.0029832672
2025-04-23 11:00:00,-0.0041130595
2025-04-23 12:00:00,-0.009126913
2025-04-23 13:00:00,-0.01692048
2025-04-23 14:00:00,-0.018174622
2025-04-23 15:00:00,-0.015216763
2025-04-23 16:00:00,-0.012352217
2025-04-23 17:00:00,-0.011023832
2025-04-23 18:00:00,-0.010658933
2025-04-23 19:00:00,-0.01086546
2025-04-23 20:00:00,-0.011467033
2025-04-23 21:00:00,-0.010819731
2025-04-23 22:00:00,-0.010292718
2025-04-23 23:00:00,-0.01054943
2025-04-24 00:00:00,-0.010833109
2025-04-24 01:00:00,-0.0130699845
2025-04-24 02:00:00,-0.014590477
2025-04-24 03:00:00,-0.013219605
2025-04-24 04:00:00,-0.012483816
2025-04-24 05:00:00,-0.012068824
2025-04-24 06:00:00,-0.011577867
2025-04-24 07:00:00,-0.012140244
2025-04-24 08:00:00,-0.014029686
2025-04-24 09:00:00,-0.018250313
2025-04-24 10:00:00,-0.023910966
2025-04-24 11:00:00,-0.027093278
2025-04-24 12:00:00,-0.024770454
2025-04-24 13:00:00,-0.005470544
2025-04-24 14:00:00,0.009709884
2025-04-24 15:00:00,0.024610875
2025-04-24 16:00:00,0.039045017
2025-04-24 17:00:00,0.05566526
2025-04-24 18:00:00,0.065620884
2025-04-24 19:00:00,0.07320494
2025-04-24 20:00:00,0.085218295
2025-04-24 21:00:00,0.093790546
2025-04-24 22:00:00,0.10604555
2025-04-24 23:00:00,0.118608326
2025-04-25 00:00:00,0.12906249
2025-04-25 01:00:00,0.13705344
2025-04-25 02:00:00,0.14267823
2025-04-25 03:00:00,0.1515187
2025-04-25 04:00:00,0.1640821
2025-04-25 05:00:00,0.17474033
2025-04-25 06:00:00,0.18146466
2025-04-25 07:00:00,0.18639332
2025-04-25 08:00:00,0.19110142
2025-04-25 09:00:00,0.19626497
2025-04-25 10:00:00,0.20227008
2025-04-25 11:00:00,0.20992585
2025-04-25 12:00:00,0.22124411
2025-04-25 13:00:00,0.23334672
2025-04-25 14:00:00,0.24160145
2025-04-25 15:00:00,0.25184858
2025-04-25 16:00:00,0.26099393
2025-04-25 17:00:00,0.26462752
2025-04-25 18:00:00,0.2664411
2025-04-25 19:00:00,0.2675384
2025-04-25 20:00:00,0.26811668
2025-04-25 21:00:00,0.2697841
2025-04-25 22:00:00,0.27355027
2025-04-25 23:00:00,0.27888492
2025-04-26 00:00:00,0.2831784
2025-04-26 01:00:00,0.28561556
2025-04-26 02:00:00,0.2906741
2025-04-26 03:00:00,0.29781726
2025-04-26 04:00:00,0.3039439
2025-04-26 05:00:00,0.30896917
2025-04-26 06:00:00,0.31432953
2025-04-26 07:00:00,0.31833872
2025-04-26 08:00:00,0.3206433
2025-04-26 09:00:00,0.32333273
2025-04-26 10:00:00,0.32743326
2025-04-26 11:00:00,0.33215192
2025-04-26 12:00:00,0.33714953
2025-04-26 13:00:00,0.34413165
2025-04-26 14:00:00,0.35112306
2025-04-26 15:00:00,0.36179864
2025-04-26 16:00:00,0.37082934
2025-04-26 17:00:00,0.37506
2025-04-26 18:00:00,0.37944883
2025-04-26 19:00:00,0.38185415
2025-04-26 20:00:00,0.37881276
2025-04-26 21:00:00,0.37510645
2025-04-26 22:00:00,0.37433547
2025-04-26 23:00:00,0.37641054
2025-04-27 00:00:00,0.38012692
2025-04-27 01:00:00,0.38475642
2025-04-27 02:00:00,0.39118394
2025-04-27 03:00:00,0.39749947
2025-04-27 04:00:00,0.40361756
2025-04-27 05:00:00,0.4076508
2025-04-27 06:00:00,0.40965214
2025-04-27 07:00:00,0.41123793
2025-04-27 08:00:00,0.4122661
2025-04-27 09:00:00,0.41382846
2025-04-27 10:00:00,0.41614285
2025-04-27 11:00:00,0.41791284
2025-04-27 12:00:00,0.42557907
